INTERCEPT:-1.235854
TWITTER_FRIENDS:0.000096
TWITTER_FAVORITES:-0.000125
TWITTER_FOLLOWERS:-0.000078
TWITTER_STATUSES:-0.000131
TWITTER_RECENT_STATUS_NUM:0.023792
TWITTER_RECENT_STATUS_FAVORITES:0.001117
TWITTER_RECENT_STATUS_RETWEETS:0.000028
YELP_RATING:-1.957840
YELP_REVIEWS:-0.000837
YELP_IS_CLAIMED:-28205053057725560.000000
YELP_IS_OPEN:28205053057725568.000000
ALEXA_RANK:0.000600
